#### kitti dataset orijection from lidar to top, front and rgb ####
import math

TOP_Y_MIN=-40  #40
TOP_Y_MAX=+40
TOP_X_MIN=0
TOP_X_MAX=70.4   #70.4
TOP_Z_MIN=-1.73    ###<todo> determine the correct values!
TOP_Z_MAX=0.67

TOP_X_DIVISION=0.1  #0.1
TOP_Y_DIVISION=0.1
TOP_Z_DIVISION=0.1


HORIZONTAL_FOV = math.pi
HORIZONTAL_MAX = HORIZONTAL_FOV
HORIZONTAL_MIN = 0.0
VERTICAL_FOV = math.pi * 26.8 / 180
VERTICAL_MAX = VERTICAL_FOV / 2
VERTICAL_MIN = -VERTICAL_FOV / 2
HORIZONTAL_RESOLUTION = HORIZONTAL_FOV/512 #
VERTICAL_RESOLUTION = VERTICAL_FOV / 64 # 26.8 / 64

ANCHOR_DEPTH = int(1.56/TOP_Z_DIVISION)

TR_VELO_TO_CAM = ([[ 7.533745000000e-03, -9.999714000000e-01, -6.166020000000e-04, -4.069766000000e-03],
                   [ 1.480249000000e-02,  7.280733000000e-04, -9.998902000000e-01, -7.631618000000e-02],
                   [ 9.998621000000e-01,  7.523790000000e-03,  1.480755000000e-02, -2.717806000000e-01],
                   [ 0.                ,  0.                ,  0.                ,  1.                ]])

R0_RECT        = ([[ 9.999239000000e-01,  9.837760000000e-03, -7.445048000000e-03, 0.                ],
                   [-9.869795000000e-03,  9.999421000000e-01, -4.278459000000e-03, 0.                ],
                   [ 7.402527000000e-03,  4.351614000000e-03,  9.999631000000e-01, 0.                ],
                   [ 0.                ,  0.                ,  0.                , 1.                ]])

P2             = ([[ 7.215377000000e+02,  0.000000000000e+00,  6.095593000000e+02, 4.485728000000e+01],
                   [ 0.000000000000e+00,  7.215377000000e+02,  1.728540000000e+02, 2.163791000000e-01],
                   [ 0.000000000000e+00,  0.000000000000e+00,  1.000000000000e+00, 2.745884000000e-03]])

P3             = ([[ 7.215377000000e+02,  0.000000000000e+00,  6.095593000000e+02, -3.395242000000e+02],
                   [ 0.000000000000e+00,  7.215377000000e+02,  1.728540000000e+02,  2.199936000000e+00],
                   [ 0.000000000000e+00,  0.000000000000e+00,  1.000000000000e+00,  2.729905000000e-03]])

#----------------------------------
